Energy_MJ/m2,MF.0084.01,MF.0084.02,MF.0084.03,MF.0084.04,MF.0084.05,MF.0084.06,MF.0084.07,MF.0084.08,MF.0084.09,dE00_mean,dE00_stdev
0.0,0.0,0.0,0.0,0.0,0.0,0.0,0.0,0.0,0.0,0.0,0.0
0.5,0.1878,0.1193,0.1485,0.108,0.1577,0.1288,0.1171,0.1457,0.1857,0.1443,0.0274
1.0,0.23,0.1585,0.1885,0.1379,0.2054,0.1877,0.1471,0.1871,0.2343,0.1863,0.032
1.5,0.2578,0.1878,0.21,0.1738,0.23,0.2065,0.1757,0.2157,0.2657,0.2137,0.0311
2.0,0.27,0.2,0.23,0.2059,0.2454,0.2254,0.1843,0.25,0.28,0.2323,0.0303
2.5,0.28,0.2364,0.2564,0.2148,0.26,0.24,0.2129,0.27,0.3,0.2523,0.0275
3.0,0.2956,0.25,0.2756,0.2476,0.27,0.2531,0.2214,0.28,0.3014,0.2661,0.024
3.5,0.3,0.2649,0.29,0.2672,0.28,0.2619,0.24,0.3,0.31,0.2793,0.0214
4.0,0.32,0.29,0.3042,0.29,0.3,0.2708,0.25,0.31,0.3286,0.2959,0.023
4.5,0.3235,0.3035,0.3135,0.3007,0.3096,0.2804,0.27,0.3272,0.33,0.3065,0.0194
5.0,0.3327,0.3227,0.33,0.3197,0.3184,0.2984,0.28,0.3457,0.34,0.3209,0.0194
5.5,0.342,0.342,0.348,0.3386,0.33,0.3,0.2843,0.36,0.35,0.3328,0.0233
6.0,0.36,0.36,0.36,0.35,0.33,0.3161,0.31,0.38,0.3529,0.3466,0.0217
6.5,0.3606,0.37,0.3794,0.3666,0.34,0.325,0.3115,0.3814,0.37,0.3561,0.0234
7.0,0.37,0.38,0.39,0.3811,0.35,0.3362,0.32,0.39,0.37,0.3653,0.0233
7.5,0.39,0.41,0.4091,0.3955,0.35,0.3473,0.3386,0.41,0.3786,0.381,0.0272
8.0,0.3984,0.4184,0.41,0.41,0.36,0.36,0.3472,0.42,0.39,0.3904,0.0263
8.5,0.41,0.43,0.4276,0.43,0.3704,0.36,0.3557,0.43,0.3943,0.4009,0.0299
9.0,0.4131,0.4431,0.4438,0.4314,0.38,0.37,0.37,0.44,0.4043,0.4106,0.0293
9.5,0.4262,0.4524,0.45,0.45,0.38,0.3819,0.39,0.4564,0.42,0.423,0.03
10.0,0.44,0.4709,0.4655,0.47,0.4,0.4,0.4,0.4615,0.42,0.4364,0.0299
